83.9005434513092
93.69665217399597
94.27240252494812
93.65168571472168
88.78860259056091
95.726487159729
104.51453280448914
65.87584161758423
68.4708878993988
89.1432421207428
78.26723051071167
62.00825357437134
85.47369909286499
68.58193159103394
81.02297639846802
Fail
93.48667621612549
70.75125217437744
80.44198274612427
81.74790120124817
89.21737551689148
78.02050995826721
66.42453622817993
96.68351006507874
68.39654159545898
94.9605360031128
86.9326159954071
92.28165912628174
137.02775239944458
90.34959840774536
102.19143986701965
98.9964427947998
107.6115369796753
Fail
80.00512075424194
79.2027530670166
134.2799777984619
83.4441249370575
78.90826320648193
69.04756784439087
115.23305296897888
90.29377269744873
94.1458032131195
84.87672591209412
85.16267490386963
69.77159523963928
93.42758083343506
68.34499549865723
86.96911978721619
Fail
94.95354795455933
84.37064504623413
76.99552989006042
87.44975185394287
99.37939858436584
93.32631063461304
93.68479681015015
71.85527610778809
67.76618432998657
89.54604077339172
Fail
66.66817784309387
77.91863131523132
87.9967839717865
70.73301339149475
79.13549375534058
74.7864420413971
85.73656868934631
109.51735186576843
136.3146538734436
78.44268321990967
90.41567373275757
71.77169632911682
87.79691171646118
86.4667341709137
